Timecode List:,00:00:04.999,00:00:12.206,00:00:15.789,00:00:19.539,00:00:22.830,00:00:27.079,00:00:30.662,00:00:34.161,00:00:37.911,00:00:41.285,00:00:45.534,00:00:49.117,00:00:52.617,00:00:56.366,00:00:59.782,00:01:03.990,00:01:07.573,00:01:11.114,00:01:14.821,00:01:18.196,00:01:22.403,00:01:25.945,00:01:29.402,00:01:32.943,00:01:37.276,00:01:40.817,00:01:44.442,00:01:47.816,00:01:51.399,00:01:55.731,00:01:59.273,00:02:02.980,00:02:06.230,00:02:11.687,00:02:19.728,00:02:23.102,00:02:26.768,00:02:30.434,00:02:33.850,00:02:37.933,00:02:41.557,00:02:45.349,00:02:48.765,00:02:52.722,00:02:56.263,00:03:00.096,00:03:07.637,00:03:20.843,00:03:24.426,00:03:28.175,00:03:31.466,00:03:35.715,00:03:39.298,00:03:42.798,00:03:46.547,00:03:49.922,00:03:54.171,00:03:57.754,00:04:01.253,00:04:05.002,00:04:08.419,00:04:12.626,00:04:16.209,00:04:19.750,00:04:23.458,00:04:26.832,00:04:31.040,00:04:34.581,00:04:38.039,00:04:41.580,00:04:45.913,00:04:49.454,00:04:53.078,00:04:56.453,00:05:00.035,00:05:04.368,00:05:07.909,00:05:11.617,00:05:14.866,00:05:20.324,00:05:28.364,00:05:31.739,00:05:35.405,00:05:39.071,00:05:42.487,00:05:46.570,00:05:50.194,00:05:53.985,00:05:57.401,00:06:01.359,00:06:04.900,00:06:08.733,00:06:16.273,00:06:22.272
Scene Number,Start Frame,Start Timecode,Start Time (seconds),End Frame,End Timecode,End Time (seconds),Length (frames),Length (timecode),Length (seconds)
1,1,00:00:00.000,0.000,120,00:00:04.999,4.999,120,00:00:04.999,4.999
2,121,00:00:04.999,4.999,293,00:00:12.206,12.206,173,00:00:07.207,7.207
3,294,00:00:12.206,12.206,379,00:00:15.789,15.789,86,00:00:03.583,3.583
4,380,00:00:15.789,15.789,469,00:00:19.539,19.539,90,00:00:03.749,3.749
5,470,00:00:19.539,19.539,548,00:00:22.830,22.830,79,00:00:03.291,3.291
6,549,00:00:22.830,22.830,650,00:00:27.079,27.079,102,00:00:04.249,4.249
7,651,00:00:27.079,27.079,736,00:00:30.662,30.662,86,00:00:03.583,3.583
8,737,00:00:30.662,30.662,820,00:00:34.161,34.161,84,00:00:03.499,3.499
9,821,00:00:34.161,34.161,910,00:00:37.911,37.911,90,00:00:03.749,3.749
10,911,00:00:37.911,37.911,991,00:00:41.285,41.285,81,00:00:03.374,3.374
11,992,00:00:41.285,41.285,1093,00:00:45.534,45.534,102,00:00:04.249,4.249
12,1094,00:00:45.534,45.534,1179,00:00:49.117,49.117,86,00:00:03.583,3.583
13,1180,00:00:49.117,49.117,1263,00:00:52.617,52.617,84,00:00:03.499,3.499
14,1264,00:00:52.617,52.617,1353,00:00:56.366,56.366,90,00:00:03.749,3.749
15,1354,00:00:56.366,56.366,1435,00:00:59.782,59.782,82,00:00:03.416,3.416
16,1436,00:00:59.782,59.782,1536,00:01:03.990,63.990,101,00:00:04.208,4.208
17,1537,00:01:03.990,63.990,1622,00:01:07.573,67.573,86,00:00:03.583,3.583
18,1623,00:01:07.573,67.573,1707,00:01:11.114,71.114,85,00:00:03.541,3.541
19,1708,00:01:11.114,71.114,1796,00:01:14.821,74.821,89,00:00:03.708,3.708
20,1797,00:01:14.821,74.821,1877,00:01:18.196,78.196,81,00:00:03.374,3.374
21,1878,00:01:18.196,78.196,1978,00:01:22.403,82.403,101,00:00:04.208,4.208
22,1979,00:01:22.403,82.403,2063,00:01:25.945,85.945,85,00:00:03.541,3.541
23,2064,00:01:25.945,85.945,2146,00:01:29.402,89.402,83,00:00:03.458,3.458
24,2147,00:01:29.402,89.402,2231,00:01:32.943,92.943,85,00:00:03.541,3.541
25,2232,00:01:32.943,92.943,2335,00:01:37.276,97.276,104,00:00:04.333,4.333
26,2336,00:01:37.276,97.276,2420,00:01:40.817,100.817,85,00:00:03.541,3.541
27,2421,00:01:40.817,100.817,2507,00:01:44.442,104.442,87,00:00:03.624,3.624
28,2508,00:01:44.442,104.442,2588,00:01:47.816,107.816,81,00:00:03.374,3.374
29,2589,00:01:47.816,107.816,2674,00:01:51.399,111.399,86,00:00:03.583,3.583
30,2675,00:01:51.399,111.399,2778,00:01:55.731,115.731,104,00:00:04.333,4.333
31,2779,00:01:55.731,115.731,2863,00:01:59.273,119.273,85,00:00:03.541,3.541
32,2864,00:01:59.273,119.273,2952,00:02:02.980,122.980,89,00:00:03.708,3.708
33,2953,00:02:02.980,122.980,3030,00:02:06.230,126.230,78,00:00:03.249,3.249
34,3031,00:02:06.230,126.230,3161,00:02:11.687,131.687,131,00:00:05.457,5.457
35,3162,00:02:11.687,131.687,3354,00:02:19.728,139.728,193,00:00:08.040,8.040
36,3355,00:02:19.728,139.728,3435,00:02:23.102,143.102,81,00:00:03.374,3.374
37,3436,00:02:23.102,143.102,3523,00:02:26.768,146.768,88,00:00:03.666,3.666
38,3524,00:02:26.768,146.768,3611,00:02:30.434,150.434,88,00:00:03.666,3.666
39,3612,00:02:30.434,150.434,3693,00:02:33.850,153.850,82,00:00:03.416,3.416
40,3694,00:02:33.850,153.850,3791,00:02:37.933,157.933,98,00:00:04.083,4.083
41,3792,00:02:37.933,157.933,3878,00:02:41.557,161.557,87,00:00:03.624,3.624
42,3879,00:02:41.557,161.557,3969,00:02:45.349,165.349,91,00:00:03.791,3.791
43,3970,00:02:45.349,165.349,4051,00:02:48.765,168.765,82,00:00:03.416,3.416
44,4052,00:02:48.765,168.765,4146,00:02:52.722,172.722,95,00:00:03.958,3.958
45,4147,00:02:52.722,172.722,4231,00:02:56.263,176.263,85,00:00:03.541,3.541
46,4232,00:02:56.263,176.263,4323,00:03:00.096,180.096,92,00:00:03.833,3.833
47,4324,00:03:00.096,180.096,4504,00:03:07.637,187.637,181,00:00:07.540,7.540
48,4505,00:03:07.637,187.637,4821,00:03:20.843,200.843,317,00:00:13.206,13.206
49,4822,00:03:20.843,200.843,4907,00:03:24.426,204.426,86,00:00:03.583,3.583
50,4908,00:03:24.426,204.426,4997,00:03:28.175,208.175,90,00:00:03.749,3.749
51,4998,00:03:28.175,208.175,5076,00:03:31.466,211.466,79,00:00:03.291,3.291
52,5077,00:03:31.466,211.466,5178,00:03:35.715,215.715,102,00:00:04.249,4.249
53,5179,00:03:35.715,215.715,5264,00:03:39.298,219.298,86,00:00:03.583,3.583
54,5265,00:03:39.298,219.298,5348,00:03:42.798,222.798,84,00:00:03.499,3.499
55,5349,00:03:42.798,222.798,5438,00:03:46.547,226.547,90,00:00:03.749,3.749
56,5439,00:03:46.547,226.547,5519,00:03:49.922,229.922,81,00:00:03.374,3.374
57,5520,00:03:49.922,229.922,5621,00:03:54.171,234.171,102,00:00:04.249,4.249
58,5622,00:03:54.171,234.171,5707,00:03:57.754,237.754,86,00:00:03.583,3.583
59,5708,00:03:57.754,237.754,5791,00:04:01.253,241.253,84,00:00:03.499,3.499
60,5792,00:04:01.253,241.253,5881,00:04:05.002,245.002,90,00:00:03.749,3.749
61,5882,00:04:05.002,245.002,5963,00:04:08.419,248.419,82,00:00:03.416,3.416
62,5964,00:04:08.419,248.419,6064,00:04:12.626,252.626,101,00:00:04.208,4.208
63,6065,00:04:12.626,252.626,6150,00:04:16.209,256.209,86,00:00:03.583,3.583
64,6151,00:04:16.209,256.209,6235,00:04:19.750,259.750,85,00:00:03.541,3.541
65,6236,00:04:19.750,259.750,6324,00:04:23.458,263.458,89,00:00:03.708,3.708
66,6325,00:04:23.458,263.458,6405,00:04:26.832,266.832,81,00:00:03.374,3.374
67,6406,00:04:26.832,266.832,6506,00:04:31.040,271.040,101,00:00:04.208,4.208
68,6507,00:04:31.040,271.040,6591,00:04:34.581,274.581,85,00:00:03.541,3.541
69,6592,00:04:34.581,274.581,6674,00:04:38.039,278.039,83,00:00:03.458,3.458
70,6675,00:04:38.039,278.039,6759,00:04:41.580,281.580,85,00:00:03.541,3.541
71,6760,00:04:41.580,281.580,6863,00:04:45.913,285.913,104,00:00:04.333,4.333
72,6864,00:04:45.913,285.913,6948,00:04:49.454,289.454,85,00:00:03.541,3.541
73,6949,00:04:49.454,289.454,7035,00:04:53.078,293.078,87,00:00:03.624,3.624
74,7036,00:04:53.078,293.078,7116,00:04:56.453,296.453,81,00:00:03.374,3.374
75,7117,00:04:56.453,296.453,7202,00:05:00.035,300.035,86,00:00:03.583,3.583
76,7203,00:05:00.035,300.035,7306,00:05:04.368,304.368,104,00:00:04.333,4.333
77,7307,00:05:04.368,304.368,7391,00:05:07.909,307.909,85,00:00:03.541,3.541
78,7392,00:05:07.909,307.909,7480,00:05:11.617,311.617,89,00:00:03.708,3.708
79,7481,00:05:11.617,311.617,7558,00:05:14.866,314.866,78,00:00:03.249,3.249
80,7559,00:05:14.866,314.866,7689,00:05:20.324,320.324,131,00:00:05.457,5.457
81,7690,00:05:20.324,320.324,7882,00:05:28.364,328.364,193,00:00:08.040,8.040
82,7883,00:05:28.364,328.364,7963,00:05:31.739,331.739,81,00:00:03.374,3.374
83,7964,00:05:31.739,331.739,8051,00:05:35.405,335.405,88,00:00:03.666,3.666
84,8052,00:05:35.405,335.405,8139,00:05:39.071,339.071,88,00:00:03.666,3.666
85,8140,00:05:39.071,339.071,8221,00:05:42.487,342.487,82,00:00:03.416,3.416
86,8222,00:05:42.487,342.487,8319,00:05:46.570,346.570,98,00:00:04.083,4.083
87,8320,00:05:46.570,346.570,8406,00:05:50.194,350.194,87,00:00:03.624,3.624
88,8407,00:05:50.194,350.194,8497,00:05:53.985,353.985,91,00:00:03.791,3.791
89,8498,00:05:53.985,353.985,8579,00:05:57.401,357.401,82,00:00:03.416,3.416
90,8580,00:05:57.401,357.401,8674,00:06:01.359,361.359,95,00:00:03.958,3.958
91,8675,00:06:01.359,361.359,8759,00:06:04.900,364.900,85,00:00:03.541,3.541
92,8760,00:06:04.900,364.900,8851,00:06:08.733,368.733,92,00:00:03.833,3.833
93,8852,00:06:08.733,368.733,9032,00:06:16.273,376.273,181,00:00:07.540,7.540
94,9033,00:06:16.273,376.273,9176,00:06:22.272,382.272,144,00:00:05.999,5.999
95,9177,00:06:22.272,382.272,9503,00:06:35.895,395.895,327,00:00:13.623,13.623
